0.0764330667915392
0.0100134041402349
-0.0422894021415665
0.0107176062657528
0.0178584522635754
-0.0164443582263774
-0.0397823404548374
0.00352285323725177
-0.0209266347450008
0.0124902496096615
-0.0148871348079149
0.015576484384674
0.00706300758448197
9.7746933267473e-05
0.029090858957602
0.0203925687192665
0.0364440532117634
0.00456397051561375
0.0174363845725498
0.0304179677118368
0.0157909128759703
-0.0128163643010764
0.00457201710820421
0.0204020454480158
-0.00822776301616912
-0.013188481301742
0.0701985258130673
0.0327237076248625
-0.0113550399124396
0.0227334528950713
0.0185328873334507
0.024212132534597
-0.00936655967488509
0.0128295167464003
-0.00809896682356825
-0.0180963947824457
0.0156975276414544
0.0251540391163863
0.00777663869662604
0.0147498392490091
0.0344426584603497
-0.00821276915089797
-0.0516704742961611
0.06135708306536
0.14349796208312
0.0832540127922812
-0.0303381880609432
0.0226781886385599
0.0386580158323468
-0.013856553423798
0.0278808759518459
-0.00593503916628979
-0.0165575262936812
-0.0370422560771679
-0.0867653079414135
0.0187194702802325
-0.0225650599920906
-0.00499169089724116
0.0864651378325512
-0.00558874941043719
0.0156461882875591
-0.0690237817159218
-0.00023185717701768
-0.0291751077457514
0.0110406534922909
-0.0257114312918718
0.0145513961961443
0.0423108569610084
0.0261486026277638
0.00921102950065134
0.00512355471689396
-0.0111621869555725
-0.00311665434827635
0.00555865800382804
-0.0230462413308716
-0.0279553462782625
-0.00849423694890916
0.0200932766920143
-0.0103165398587937
-0.00701552131978911
0.0472104623066585
0.00608142025468261
-0.0185829908901107
0.0202503063433346
0.0270627307446958
-0.00688778925022682
0.0137821395145972
0.00855162881187699
0.0211166057107359
0.00441937964197603
0.00072602813955136
0.0240728654020845
-0.0246432717023906
0.0501748726208158
-0.0413442231736916
-0.00510297233744517
-0.0259659670166901
0.0277214404125719
0.00622253942693085
-0.00782299409107257
0.00946217077200018
-0.000255944307916423
0.0234769193800313
0.0194623222834984
-0.0329042645518403
-0.0172797101476201
-0.029515486348008
-0.0409813443731935
-0.020121403199421
0.0661885818026207
-0.00614864653113312
0.0119445424123832
0.0273620552181493
-0.0191995988486928
0.0707075721642862
0.0235124309708636
-0.0313112616862066
-0.0416154357202645
0.0132264324575786
-0.0361886652451657
-0.0189699017625902
-0.00309020438783403
0.029393004286697
0.0115399766036921
0.0161572461116686
-0.00257374419785883
0.000252620943618886
-0.0338057466301658
0.0133916669640026
-0.0264355588422482
-0.0161173304234659
0.0113412653056084
-0.0103195675854577
-0.00474087732051132
0.0098337663407273
-0.00595319663323046
0.0155323236830425
-0.0193048961983617
-0.0210074564831677
-0.00758313212310924
-0.0121864105259979
-0.015930493646148
0.020475828482736
-0.0169959767153758
0.0207959254063192
0.0041744418173959
0.00465477954498272
-0.0126851595273152
0.00212539931231337
0.00150741172501689
0.0120333057070683
-0.0102496811329909
0.00488862703499038
0.000332446811572851
-0.00260712947563846
0.0287431168695917
0.0175471254445076
0.00344106853746684
0.0237099205284839
-0.00886452501286783
0.00612543443499547
0.00377076301024193
-0.00532452342226986
-0.00770075089157807
-0.0342708528449789
0.0105923510988584
0.0234173028416711
0.0344064746856514
0.0304258904228867
0.0552005468259802
0.0351472422803738
-0.0216161079960218
0.00469752078105401
-0.00150262988453509
0.00250313021811888
0.0103552893504562
0.017392518337072
0.0101608562943696
-0.00667430246126699
0.00457143653258107
-0.00880985347356944
0.00784456008107703
0.0152042833943264
-0.0111737863933516
0.00227094166948039
0.00786464763273909
0.00896210057298497
0.0255365461234431
8.36225279572389e-05
0.010108449391903
0.055701839844243
0.00215074870275522
0.0186147283961224
-0.0061922083975654
0.0258963443035798
0.0414954519074398
0.0379687194468072
-0.000347282517815906
-0.0268954538760582
0.0373993166032438
0.00746502114044922
-0.0473651428768367
0.0238582012819455
-0.0133965893043779
0.000884564409734168
-0.0156838003667135
-0.0128357542813227
0.00956113324398267
0.0102557645785657
0.0225759147185816
0.00396839731289944
0.00505944177986617
0.00141621066484632
0.025693112923955
0.0227830591124283
-0.00692957730844945
-0.0312104966639186
0.00487332059951395
-0.00990783643055426
0.0151972394655466
-0.014270630273864
0.0136955774038947
0.00233198814639035
-0.00976974425000954
-0.00536634172812001
0.0239751426694985
0.00676951313806651
0.000996545392066395
-0.00549333027913068
0.034001700229453
0.00675352301577981
0.00619869703757825
-0.0374512405416825
-0.0218980751826754
0.000810893040345206
0.00283295862465316
-0.0116187815195499
-0.0197508398807829
0.0132904937119367
0.0256615299825809
-0.0063370930778337
0.00144530553031785
-0.0182353209126909
-0.0037697097417686
0.00109810930357845
-0.0204078108972965
-0.0057220242830569
0.0197646603239896
-0.0199407011659192
0.00579304700926553
-0.00192728925184582
-0.0180861076728611
3.57149234844201e-05
-0.0216250010967896
0.0201238749705226
0.0106378304598529
7.07764173277781e-05
0.00349718638924923
0.0170274903934864
-0.00409922063626222
-0.004430729246784
0.000873744048597302
0.00765620583444893
-0.00465634311315366
0.0266691636569032
0.00176193587410545
0.012448014321996
0.0349887044452784
0.00624378456614227
-0.0282442149448014
-0.001254912485944
-0.00802897382406353
0.0118877540281916
0.0134708592527986
0.0128750911334059
-0.00170070796844968
0.0127329277591022
-0.00343053509678892
-0.0010824234605602
-0.0256167828946801
0.0117606371599388
0.0218511121785179
0.00699061322132799
-0.0243945523329314
-0.000932910910337093
0.00654414807812387
0.000767091800966568
-0.00750436463828486
-0.0147550305583355
-0.0169012539437405
-0.0117980680344925
-0.00438020849256127
0.0294794611268392
-0.00565530539933246
0.0177134603000342
-0.017977277739897
0.114258802933854
0.025417096964949
-0.00500317335557288
0.0242910783162067
-0.00671844446651626
0.0143697198642698
0.0382623935340884
0.0192682137390809
0.000790451388876789
0.0163790347084101
0.0115408684530003
0.0117130155353395
-0.0130714153956513
-0.027958390841607
0.031031376614524
-0.00179142722253189
0.0166888565423129
-0.0105601346009392
0.0135282422231429
0.0132237455910618
-0.00806315495081833
0.0226055551531399
0.0172194657043363
0.01522672479555
0.0135295905098065
-0.0120644580313503
-0.0482306720886472
0.00338920480276794
0.0224185213142967
0.00868012999953294
-0.0287798382959448
-0.00323301408223564
-0.000791334924326037
0.0157819859855781
-0.00353723610873047
0.00829880281469553
0.0117577550160792
0.0035148580629869
0.00853233301925904
0.0178262020768658
-0.0129864357982017
0.0120328253804267
-0.00796668037770232
0.013304482278393
-0.00257251262998359
-0.0147039127764472
0.00481600310640395
-0.0154459638760187
-0.0126706764562279
0.0479335130714356
0.0227388356355895
0.0133858861116947
0.0314564053573827
0.00265934788278877
0.00610682400920481
0.00397285388543622
-0.0171079595418773
0.00563515062837094
0.00184280501280298
-0.0486927614503205
-0.0191981933391494
-0.088560186144333
0.0678406533397888
0.035683199465713
-0.0228997598400378
0.00292873247727332
-0.00179773257598814
-0.0155063492179499
0.013589821470898
-0.0740475250227197
-0.0143894588796893
-0.0372733125186713
0.00926113708522092
-0.0456375175891948
0.00314789947868643
-0.0283319080615296
0.0106463618906494
-0.0477565296118962
-0.00690839007755972
-0.00274172550338658
0.0679681435053965
0.006229532802001
-0.00587485030732005
-0.00300513831228422
0.033840444625687
-0.00177373072566311
0.0338149907840153
-0.0737651697208017
0.00599380420251361
0.0314359780959546
0.00458503645694286
-0.0270156323680988
-0.00996527255675339
-0.0294314952130366
-0.0312274254492459
-0.0161649368533547
-0.00130455426471077
0.0409810040101339
-0.0191478696042946
-0.0167726794122238
0.00300636868737136
0.0244205280658871
-0.0240380119881918
0.000882171374880336
0.00489658071785737
0.0675976880574716
0.010578080661376
0.020110734141161
0.0460595799485377
-0.0166964129816867
0.00400802139753864
-0.000769526779028418
0.0368788958415172
0.00898655611368948
0.00778841052591694
-0.0122839041866483
0.0248511342084887
-0.0162707574751177
-0.00173464819152702
-0.0167428797966629
0.0115208077900206
-0.0063620661906878
0.0153671679088303
0.0109025913382146
0.0518834816385709
0.00774844350696569
-0.0307517950728897
-0.00278972904896868
-0.0140427839564321
-0.00498825574599238
-0.046627122640591
-0.0103314513520338
-0.00159701923748656
0.00147036481391094
-0.00114061225216933
0.00121660683125935
0.0348973911746535
-0.0143391059658748
-0.0404622398938379
-0.0338213624290162
0.00551758626616383
-0.0131105556838955
0.00858144177423981
-0.00941669489100683
-0.00261804983481095
0.00251022440407844
0.0124042151445254
0.0149838301415617
0.00455355125758672
-0.00429129056896027
-0.0249850376683654
-0.00032268473981123
0.0286324633531638
-0.00834584798590932
-0.0132649050657818
0.0406895212657705
-0.00896335685532801
0.0174149385237774
-0.017259715260673
-0.0130972696697196
0.0129679186237359
-0.00552595094151265
0.0170498977957712
-0.000767557924341133
-0.0065739027770757
-0.00250222622204888
0.0379115463646587
-0.0054358801317278
0.0122017890385999
-0.0015820441328076
-0.00471149233691381
0.00937626700209471
0.0284027248673064
0.00363141570197456
0.00918668110900445
-0.00412000677502267
0.00409637700623922
-0.00649568449639926
-0.00536577928437332
0.0150935515251058
-0.0173677759776947
-0.020386140826445
-0.0131229340054961
0.0108210425002921
-0.0119369064806856
-0.0100992068397465
-0.0302266944048002
0.00769402815169506
0.00202302216215067
-0.00394740727371001
-0.00996317252181544
-0.00807401182613798
0.0148473889798533
-0.00392400338286869
-0.0291054647661886
-0.0222967472525113
0.0219771307895424
-0.00411083809914814
0.0109072642922605
0.00803746338851585
-0.0107133515382198
-0.00729560974849175
-0.0153497022105986
0.0025205656156464
0.0307593546240144
0.0175627977553559
-0.004964329152779
-0.00634460498459877
-0.0159338685167647
0.00262047027228007
-0.0129305265663033
0.00080304089116634
-0.00125838381242449
0.0203929051640346
-0.00526386266098022
0.0047387215172332
-0.00584766180091378
0.000184908800864747
0.015099374633845
-0.0110400074863755
-0.00434995347346501
-0.00169236098249748
0.0163796086594683
0.0201298050793879
0.0367494106792821
