43740 50550 69210 64520 62971
64517 55018 24676 41859 54141
56836 49942 53111 58972 85364
66190 65876 73530 59407 26366
45164 60649 61852 60296 71219
68500 87703 85166 93488 88187
78461 40796 55794 86076 83273
73260 90005 81187 103795 108414
106643 94492 91951 43135 66906
96748 84109 79835 84561 94415
117651 117370 99971 109503 83797
31764 68180 93397 80655 71435
67890 80494 110750 106284 94380
103379 85602 36237 75970 99775
96344 99972 83351 101659 137204
116618 115991 123058 89902 46065
82330 107436 108498 97787 96964
101976 136789 121942 116331 119632
81741 40947 84249 118221 113232
98686 90785 101120 125433 135896
90352 67368 109543 47075 78618
129485 120317 143476 115588 103047
127149 148422 133700 143567 108342
61164 89682 128593 104370 101654
96835 95636 133960 128238 108065
127205 86480 46791 106011 123463
117121 126436 100498 110295 169330
145112 112772 124075 104776 60385
124783 145664 139159 131722 114671
142910 180202 136270 142660 160581
109488 70655 122184 163164 158520
136167 138153 138170 187179 161813
158424 163442 140800 74835 118240
177194 164097 123448 149764 127885
149300 153708 157855 130679 110765
64185 107434 138856 110103 124245
101544 124259 119087 137794 117676
141322 111363 69425 113930 160602
136744 148566 151575 129907 168688
180394 164881 176780 142938 83000
138585 176155 176514 168817 161152
154466 198662 190871 148556 183770
129172 98417 134033 172676 169870
165345 136459 147690 185958 185881
199015 183949 136673 103023 141042
173348 186417 165531 157156 161583
198349 187608 198168 181286 150686
113493 116299 182348 180666 148749
155508 163137 186780 213706 147499
151773 149232 103558 125100 175456
149200 152253 135068 134242 178583
179649 175000 171423 131427 105073
123148 173576 161859 165778 144536
152649 230640 182930 161978 183973
151014 126533 137527 182346 201207
201157 148979 147991 206793 189545
182042 187329 150541 126515 128134
169791 192477 187480 135118 134760
176990 154695 162727 138753 143481
129928 102198 170782 165576 142665
128760 134451 175688 157989 156978
142022 164392 113888 115637 173619
155112 147792 145717 126423 161070
186197 166257 151148 166015 132501
127960 187352 167294 193587 137236
154265 203865 192080 156703 151181
195919 146058 129552 232302 197077
208942 160644 159998 217473 188304
183444 140816 209788 156838 145859
188181 208455 257349 201914 174615
209100 206117 168910 166146 220553
172228 157306 228476 209686 159256
234571 191225 222418 191541 196828
151378 228317 178136 138220 221772
193530 161194 179464 153801 181281
189924 155031 131019 223071 151677
141960 193187 165398 165461 178836
160337 181760 179264 150350 140561
224147 151789 147204 192756 178299
220397 112659 125634 165040 157739
131237 121171 193383 124170 123147
158521 157063 151458 129170 135855
188301 184343 164836 135987 211104
147451 137431
