1.28
3.99
1.49
1.2
0.13
0.68
0.1
0.05
0.6
0.19
0.36
0.81
0.19
0.24
0.66
0.07
1.29
2.95
1.2
1.46
5.81
0.2
0.94
1.51
0.07
1.01
0.1
0.1
0.08
0.36
0.14
0.42
1.19
0.1
1.59
0.17
1.85
2.48
0.44
1.38
1.68
1.47
0.26
0.98
0.28
0.31
1.41
0.05
1.01
0.35
0.83
2.17
3.5
0.07
0.05
0.92
1.01
0.28
0.34
0
0.22
0.1
1.79
0.03
0.48
0.22
0.25
0.18
3.08
1.21
0.41
0.76
1
0.91
0.5
5.52
0.16
0.79
2.69
1.04
1.19
0.3
2.8
0.49
0.38
1.2
0.73
2.64
1.29
1.45
0.1
2.93
2.58
0.14
2.23
2.16
1.56
2.52
1.92
0.36
1.56
0.2
0.95
0.23
0.32
2.99
0.05
1.12
4.57
0.53
0.32
0.13
1.41
0.51
4.92
0.78
0.33
0.15
0.51
0.2
0.4
0.39
0.66
2.67
0.26
0.15
1.14
2.07
1.59
0.18
0.27
0.15
1.72
0.03
0.01
0.26
1.14
0.56
0.47
0.34
2.56
1.6
0.27
3.07
0.35
1.03
0.15
0.16
0.23
0.66
0
2.5
0.79
0.14
0.06
0.81
0.61
1.75
1.1
0.38
3.42
3.43
2.99
0.97
0.32
0.99
0.14
0.07
1.23
1.35
2.12
0.22
0.87
0.94
0.7
1.6
0.42
1.07
1.33
1.55
0.07
1.46
1.18
0.35
1.15
1.06
0.92
0.24
0.33
0.3
2.21
0.4
0.97
0.12
3.02
0.16
0.52
2.45
1.73
0.44
1.72
0.89
0.03
0.74
4.33
0.19
0.26
0.4
1.44
0.89
0.86
2.54
1.18
0.53
0.91
0.19
1.33
1.94
0.02
1.14
0.1
0.17
0.77
2.29
0.45
1.08
0.3
0.22
0.19
0.02
1.5
0.41
4.75
1.42
0.27
2.17
0.54
0.17
0.7
0.07
2.19
0.9
0.37
3.46
0.67
0.62
1.63
0.83
0.4
0.13
3.43
2.27
1.06
0.39
0.12
0.15
1.13
2.48
1.68
1.12
1.19
1.86
0.29
0.33
2.37
1.24
0.89
1.25
0.17
0.11
3.39
0.32
1.37
4.39
0.11
0.4
0.09
1.42
0.65
0.61
0.94
0.44
0.4
0.07
0.14
0.13
1
1.77
0.09
2.96
1.12
0.06
0.23
1.48
0.1
0.82
0.01
2.25
0.57
1.53
1.8
0.48
0.29
0.07
1.45
0.53
0.31
0.29
1.14
0.15
0.5
1.38
1.2
2.37
1.34
1.15
0.39
0.3
0.16
0.99
0.6
0.44
1.8
0.44
0.88
1.26
0.79
0.53
2.07
0.08
0.17
2.09
0.11
0.37
0.1
0.09
1.53
0.8
0.63
0.05
4.82
1.01
1.41
1.51
0.94
0.06
0.77
0.55
4.02
0.17
0.01
1.79
0.51
0.23
1.13
0.45
0.24
0.24
0.31
0.48
0.37
1.85
0.25
0.89
0.72
0.13
0.59
1.12
0.15
1.82
1.17
1.1
3.05
0.11
0.62
1.69
0.28
0.37
1.65
0.3
0.34
0.44
0.54
0.49
1.29
0.22
0.09
1.07
1.88
0.61
0.65
0.95
1.59
0.04
2.22
0.02
0.08
3.5
1.36
0.59
0.07
0.32
1
0.29
1.71
1.93
0.54
0.26
0.15
0.18
0.21
0.45
0.29
0.16
2.19
1.29
1.41
0.35
0.83
2.68
0.05
0.39
1.58
0
2.17
0.65
0.62
3.15
0.15
1.27
0.65
1.54
0.9
0.55
1.26
0.84
0.2
0.22
1.41
0.51
1.76
0.23
0.05
0.84
0.14
0.56
1.69
3.84
0.14
1.03
2.89
0.57
1.58
6.3
0.5
0.41
3.67
1.52
0.34
0.87
0.04
2.24
1.39
1.21
0.04
0.5
2.01
1.11
2.22
0.32
0.4
1.75
0.02
0.28
1.19
0.21
0.45
1.16
0.23
0.88
0.62
1.1
1.93
0.72
0.33
0.16
2.25
1.72
0
0.95
0.03
2.76
2.44
0.15
1.48
2.18
0.47
0.91
2.88
0.02
0.49
2.06
0.3
1.06
0.37
0.2
2.32
0.6
0.13
1.51
1.49
0.34
1.45
0.11
0.28
1.11
0.43
1.05
1.62
0.63
0.73
3.41
0.17
0.67
0.89
3.88
0.87
3.86
2.91
0.82
1.1
0.4
0.23
0.4
0.84
0.84
0.09
0.44
0.47
1.96
1.59
0.19
0.09
0.39
0.51
0.49
0.01
0.67
0.32
0.54
1.5
0.48
0.62
3.65
1.11
0.12
2.89
0.84
0.46
0.19
0.87
0.17
0.51
0.7
0.85
0.42
1.82
2.24
0.48
0.38
3.95
3.16
0.63
0.61
3.94
2.53
1.73
0.12
0.1
1.2
2.37
2.01
1.14
0.17
0.37
1.49
0.39
1.35
2.54
2.83
2.92
3.08
0.26
0.3
0.47
5.04
1.01
0.29
0.19
0.04
0.75
1.42
2.47
2.45
0.17
0.93
0.07
1.52
1.33
0.33
0.3
0.09
0.16
1.31
0.11
0.61
0.33
1.16
1.24
0.12
0.23
1.59
1.43
1.23
0.23
0.7
1.34
2.88
1.05
1.08
0.42
0.63
0.16
2.65
0.08
0.35
1.17
0.04
0.04
0.52
0.02
4.14
3.69
1.84
0.69
0.62
0.42
1.12
0.04
0.53
0.07
0.97
4.98
1.66
2.34
0.42
1.16
1.81
1.37
0.17
0.52
0.36
0.67
1.37
0.38
0.19
1.54
0.76
2.17
0.34
0.22
1.98
1.28
3.07
0.04
0.05
0.42
1.78
0.06
2.59
0.74
3.7
1.19
0.87
0.09
1.17
1.02
0.49
2.25
2.61
0.84
3.29
1.76
0.14
0.52
1.9
0.93
1.31
0.22
0
0.71
2.92
2.09
2.4
0.64
0.74
0.12
2.54
0.22
1
0.49
0.14
0.19
1.39
2.88
1.57
3.6
0.17
1.15
0.83
0.81
1.65
1.18
1.65
2.03
0.61
1.49
0.09
0.58
0.23
3.19
1.59
2.52
0.78
0.28
0.96
2.07
0.36
0.44
0.4
3.32
0.68
3.94
0.94
0.05
1.58
1.13
0.33
0.82
1.61
0.19
0.89
0.41
0.16
3.94
0.32
0.04
0.72
0.04
3.77
1
0.34
0.72
0.27
0.26
0.36
0.1
1.86
1.46
0.97
0.01
1.21
0.52
0.22
0.05
0.34
3.02
1.08
6.2
0.66
0.75
0.48
1.29
0.14
0.01
0.77
0.28
1.41
0.97
1.66
0.05
0.31
0.2
1.04
0.98
1.14
0.8
0.09
0.53
2.37
0.74
1.03
1.32
2.55
0.06
0.51
0.45
2.46
2.08
0.9
0.12
0.72
0.13
0.55
5.16
0.74
1.62
0.16
0.58
0.14
0.2
0.11
2.41
1.77
0.68
0.46
0
0.64
1.07
0.68
0.11
1.13
0.51
1.19
0.23
0.43
0.94
0.74
1.42
2.89
0.37
0.06
1.86
0.19
1.24
1.6
0.66
0.01
0.27
0.94
0.21
1.99
0.9
0.11
2.88
0.74
0.83
1.71
0.5
0.15
0.6
0.53
0.33
0.1
0.71
3.18
0.55
1.56
1.71
0.08
0.51
0.29
2.18
2.09
0.03
1.26
1.49
1.45
0.15
0.73
0.01
2.07
0.56
0.52
2.91
0.69
0.81
1.59
1.31
0.94
0.18
0.2
0.9
0.05
0.34
0.87
0.48
1.06
0.22
1.27
1.6
0.74
0.43
1.45
0.45
1
1.75
2.42
1.01
0.8
0.42
0.13
0.71
0.3
1.8
0.51
0.14
0.56
0.08
1.45
2.59
1.93
1.2
0.37
1.53
0.66
1.11
0.85
0.8
0.14
0.08
1.52
0.58
3.5
0.04
0.24
0.22
0.45
0.42
0.45
0.29
0.12
0.9
0.73
3.65
2.97
0.8
0.31
0.96
0.01
0.16
0.58
1.38
0.44
1.7
1.29
0.12
0.68
0.57
1.35
0.01
0.53
0.04
0.32
1.19
0.75
0.18
0.27
3.05
1.07
0.26
0.36
1.05
0.72
1.04
0.08
1.33
0.62
0.23
0.93
0.3
0.49
1.3
0.42
4.64
0.59
0.04
1.57
1.09
0.25
0.69
0.43
0.66
2.87
0.52
5.75
0.18
2.22
0.02
0.67
