-0.3161494
-20.15499
-82.43021
-20.11852
20.62715
15.19969
-31.34584
-19.3675
30.22035
18.51696
-19.1976
-6.691228
-1.640642
-17.83427
-81.80634
-19.10397
21.20978
17.81458
-32.1461
-20.9968
28.78222
19.19972
-15.64161
-0.8318875
0.1653656
-17.27582
-82.24556
-21.21947
25.33948
21.46949
-32.9662
-20.65262
28.54304
16.12036
-15.73779
-0.643598
-1.439421
-19.25162
-82.46033
-20.49737
23.32051
23.13956
-32.63866
-22.55441
27.59237
17.04272
-15.41616
-1.779464
1.962316
-16.98367
-81.87135
-17.86035
25.33169
24.07414
-31.21258
-23.72426
27.86256
15.47499
-14.49872
-1.943842
3.521399
-15.6372
-82.51048
-20.04712
23.55377
22.99588
-27.71427
-20.38605
26.821
12.46582
-14.88484
-0.1629114
3.382819
-18.79059
-83.02995
-19.36387
22.87084
20.54132
-30.57408
-20.4662
28.26935
14.22551
-14.3092
-1.060623
3.391067
-16.29965
-82.03113
-19.83965
23.09932
19.76787
-27.32924
-17.52876
30.33754
15.50228
-10.83891
0.6529594
3.34596
-18.48931
-80.13819
-19.10747
24.16762
18.60963
-30.1964
-22.12649
27.89
12.76253
-11.92009
2.932523
3.067424
-18.08394
-80.55293
-20.02854
21.03454
17.50993
-27.42431
-20.69074
30.04237
16.09795
-8.385967
6.215106
2.005757
-14.96643
-82.05524
-21.50917
20.366
18.51848
-25.51379
-17.19141
35.32811
17.86006
-11.23603
6.122737
-4.14145
-22.99906
-80.52226
-20.04144
21.6617
21.36851
-27.95366
-17.33306
35.33585
18.87476
-10.19394
7.358163
-2.962932
-21.14833
-79.77989
-17.13882
25.24384
20.80709
-26.71907
-15.32573
37.29712
23.152
-10.20781
6.406915
-4.805075
-22.04436
-81.55207
-17.82674
21.304
18.17201
-29.64251
-14.22254
32.7729
17.32161
-16.48547
9.119579
-2.815322
-22.87173
-82.47177
-15.95736
20.5412
16.20006
-28.61202
-12.86146
32.76203
19.04831
-17.94504
9.309524
-0.380541
-20.71673
-83.88369
-16.66097
19.17016
16.63217
-28.93404
-10.95392
32.99063
18.88302
-15.22344
11.73498
0.9511005
-20.09984
-84.7533
-20.2864
17.7374
15.98704
-27.02089
-9.555993
34.67572
20.1195
-12.05412
11.36114
3.519356
-19.34957
-84.5292
-17.00943
19.41493
15.88468
-27.43891
-9.619282
30.70559
15.99884
-12.44307
11.16884
3.744976
-18.39638
-83.57513
-18.64178
21.65569
13.65205
-33.02897
-16.71731
26.65397
16.16706
-12.29388
13.08702
5.319648
-16.87122
-83.32565
-18.1037
19.97373
10.88063
-34.56333
-17.2036
29.17701
17.6127
-13.58614
12.95472
7.129892
-16.54471
-80.41884
-17.2302
20.81782
7.486363
-32.64517
-18.38463
28.34605
16.303
-14.15845
9.785065
6.486683
-18.2865
-84.99204
-19.18458
22.642
10.41151
-33.02588
-20.16359
27.84294
20.04599
-13.83807
12.23426
7.661112
-15.22723
-83.47844
-18.78311
20.12471
9.80775
-30.75857
-20.41601
28.0913
22.19105
-12.92932
11.64975
6.383194
-19.49449
-83.29751
-15.35156
21.76663
13.00633
-30.13801
-19.13745
27.36339
22.12961
-9.497266
13.12362
7.292506
-19.1376
-83.96997
-20.02773
19.51462
13.109
-25.46412
-16.89571
26.10447
24.18691
-9.929321
12.78738
7.261387
-16.24477
-83.6793
-17.90568
20.29273
11.44427
-29.43522
-15.12549
27.07362
23.69577
-8.732053
15.52713
7.722365
-14.58248
-83.91073
-18.42519
18.22187
10.60532
-26.98192
-14.41438
25.70942
23.87438
-7.866529
17.04245
10.9551
-13.88834
-82.54327
-14.58692
19.5344
10.90633
-27.90138
-12.80954
25.70009
20.74137
-8.459899
14.86284
6.633247
-14.38495
-83.5624
-14.98575
21.80917
13.06814
-29.45873
-9.932579
29.1811
23.05139
-8.658347
17.46079
8.463723
-13.03001
-81.38195
-16.38737
20.87533
14.317
-29.0349
-12.97434
27.03973
21.52687
-8.060105
15.60546
5.123038
-17.99808
-85.8005
-15.78499
22.45541
13.57465
-31.13827
-15.30046
25.60903
17.16648
-13.00965
15.96147
4.523723
-15.37999
-83.75346
-15.05889
20.5573
16.4148
-29.25024
-14.48112
19.9672
12.43259
-14.89467
12.20171
1.991846
-18.21689
-84.84744
-11.93607
20.36123
16.64261
-30.09748
-16.30596
19.71872
14.7724
-9.766551
14.39538
3.075109
-13.93517
-81.27814
-8.35362
24.00333
15.21499
-27.84356
-14.85813
23.50718
15.68266
-14.3098
8.843473
1.286056
-13.56921
-77.95783
-4.180334
23.79142
14.975
-28.19522
-12.15558
23.4625
10.68133
-19.38438
9.251458
1.41951
-15.75239
-77.73948
-1.988644
23.09232
16.63226
-26.57066
-10.49001
21.44295
9.949552
-19.47635
7.952626
-0.5342301
-14.47322
-76.44236
-1.510628
26.49737
16.54285
-26.92418
-9.303171
23.28732
9.236108
-22.52644
6.006967
-1.057484
-11.30892
-75.06897
-0.5746401
23.44751
11.04168
-31.88272
-8.254511
22.28215
8.135951
-25.11136
8.368597
-1.877796
-14.10532
-80.37051
-5.529554
23.31672
12.22671
-30.25046
-7.418437
21.55654
7.861271
-29.06261
6.226852
-2.354313
-14.39721
-80.95997
-4.394901
24.95168
10.65452
-31.90915
-10.49681
18.83737
9.160488
-27.36254
4.866934
-3.292558
-10.82065
-77.94104
-2.084062
25.7966
10.62583
-29.56555
-12.95641
21.91947
12.22296
-24.66638
7.623761
-1.574173
-8.366242
-77.79181
-1.247862
28.18775
11.46993
-31.79726
-12.67839
