-1.80210400443914
1.62032811197758
-1.57306272604798
0.103189518690595
-0.507857058817191
-1.60464396659478
0.897704925101463
-1.03714230580617
-2.2201766722739
0.120587419742958
-0.97831138412176
-1.86217147178888
-1.24168632225705
-0.334226375022336
-0.847167336646642
-0.095048267609494
-2.00589171840973
1.48532472759405
1.30923391757904
-1.04444706166426
1.64960442713668
0.53498484779979
0.661321199030166
1.91057717801994
-0.0048056904155026
-1.18328651158922
0.380209707874147
0.488466512644788
2.67850865017944
-3.07405240780961
1.69602079822891
1.42786601566983
0.31869406581446
-1.62082563105212
1.69996009384667
1.40015202924396
2.79547723069982
1.88492472187237
1.29167462368494
2.73818418139726
-1.43238308841441
-0.416173819366622
-0.328193684658665
2.25775586536503
0.551465253925463
1.66329625704634
-0.0179176176193052
-1.24630391369646
0.675686557660233
-2.81015641691848
-0.0508739291719557
-0.497562694125922
0.34685549563067
-0.21587174587091
2.50955144271296
0.17777333873579
-0.165589210236598
-2.94086940510981
-2.73422174363918
-1.36478299256783
1.42287119445049
0.402079201173556
-1.29233064372088
-0.588657874521136
0.376326828398697
0.41239046137549
-0.579465639985463
-1.37548436010261
-0.0558102292670367
2.6660601730704
-1.62056015128454
-1.65752148641993
-3.63731016478795
-1.00950241092491
-2.81972964281604
-4.25670732344
0.0342844437187271
2.86658343701215
2.56473251833079
1.70509899269506
2.03784672213937
-1.39126176546072
0.118406026090215
1.20645315215542
-0.89119075871553
0.829214538573964
-0.0536655438591715
1.51089691402128
1.36066444821014
-2.37316855512897
-0.466941245347019
-2.15798893665805
0.0510098557321594
0.0645842302400746
-0.925104326933347
-0.943273762776236
-1.29158549021359
-0.357375771883619
-0.516521776448762
-1.50373702876807
-1.60260773649733
2.02382622499066
1.15582426903909
-1.49763146818504
-1.51372781278612
-1.30516059360917
0.587326477075078
-0.317401696701112
-2.47306062857966
-2.24963433537753
1.46088941772875
-0.935428814350701
0.0771466681283065
-1.59823653387414
2.91437142706484
4.28914235603092
-0.582894325523776
0.171059482304085
0.457089968181985
0.724056676859619
0.00237160202629861
1.45094878705528
-0.100221322620532
-1.26023370932787
1.73150595280118
-1.22959648811768
0.0301105343604226
-0.793297287913456
-0.879996376087344
-0.615670306002265
1.1696282682085
0.507040170223401
-1.23126854872776
-1.44635797778605
-1.57552456442689
2.09911513067459
-0.56146632494318
-2.58975296194743
-1.46182922812761
1.32445662651116
1.1705570865813
2.17105027705014
0.258765958306216
-0.958056989379123
1.42881991620584
0.431231689648529
0.680395562348706
-1.1350487278365
0.678397552526795
1.06970810520768
-0.506832386664879
-0.523654875010212
-1.16042061618677
-1.55633609192479
-1.69662824041843
-0.838977067098183
-3.26165274104151
-0.486102357058761
-2.38367466921631
-1.88828562400999
-0.647900012127959
-0.370626485914243
0.83065301080999
0.428789091293906
2.53733171469433
1.35733111725636
1.47884777643173
1.62602856838656
-1.38112169644537
-5.09823529914066
0.910641474805475
0.26161589237109
-0.177731968659678
-1.43000775312043
0.626894177067634
-0.823749425357869
-0.178723724752693
0.920324824061884
-1.05495778737671
2.59674570038828
-0.721496843673009
0.366557153821439
1.1200898054264
-0.859768996441452
0.166442869109738
2.07013439279249
-0.475743404647853
-1.51241471302526
-1.68688773292361
-1.01448161305875
-0.0668182933839774
0.883653063338995
-0.153403256794579
0.265573117764341
0.304230723625851
2.10250540197726
0.102638806632896
-0.3461840154946
0.0476410366056539
1.59363954311732
1.43293508179021
-1.15792555426942
-0.00565822814096936
-0.0631660498419822
0.0648417192813975
1.00994001449009
1.63106819290525
-0.600944546968255
-0.595408619200414
-1.0907485551714
1.05328164945823
-0.428595098071458
-1.83585519703689
0.19492686695669
0.121361840220175
-3.0144777378304
1.30962902859985
-0.340231836250196
0.326651871617781
2.02768650538252
2.01186446802097
-1.31408534023339
-0.822232317569178
2.63199842209416
-2.04861299689016
-1.404958667421
1.38606823736795
0.925216825325497
-1.10453314245827
4.22868556790008
-0.960891763281223
-1.47084704305016
-0.926491469918488
-0.658912821954331
-1.07921481373468
-2.81528321953681
-1.97258406323692
1.74206746149079
0.823961921936484
-0.742974404677308
1.38249263999203
-0.58302131276576
-0.326672851282789
1.19691261768493
-0.394085054907461
-0.20305398444273
-2.30831003215009
-1.8730640658113
-1.15166540842627
-0.57981780788101
-1.92667150638562
0.25395235917544
-1.478131339035
1.01770550609197
-0.628051694697459
1.36967942540744
0.523959721218823
1.32782998175716
-0.651255985332123
-0.377343595599031
-1.35354849235412
0.901678829398142
0.734554240725363
-0.127509211216437
0.777537080667948
1.77788108582197
-1.10260875704461
1.1954460297433
1.76167438188994
1.95274441167761
1.51638239160773
0.276651210998744
0.774576673456074
2.16641146274578
3.1438685087989
0.727363014188671
1.87269470273337
0.4155618333771
0.941240282342839
0.850380138704304
0.615054916107444
0.126420544402496
1.47834399253214
-0.261618135800029
-1.72011925739049
-2.24017737909202
-1.60685673936414
0.57729253230148
0.166362345890936
-0.523615096143274
-0.338678248882883
1.70654222376437
-2.68675256066641
0.0602271318372509
0.144467628172894
-0.293355768419294
1.01371756466674
0.328455703568369
0.658932029934246
-2.34334490931582
-2.14426585588842
-0.277553979304925
0.278696711275608
1.30922566291561
-0.282423367443846
1.49774972911775
0.0557322502886139
2.08623782267228
0.239558591463432
0.746533198534555
-0.116445050361697
-1.65411163884501
0.471210002561774
4.19269535271432
1.8854931164741
-3.88505269853008
-0.438389007948324
-1.93017645918702
-0.306537176880872
0.227166031065427
0.810695684729764
0.636356771912411
-1.90764160764541
-1.34434202353711
0.74427168903032
0.818601912398593
-0.429554398484229
-0.317576789327899
0.490186798429022
0.111336968117024
-0.724124898175635
-1.08375078758634
-2.36618129304685
-0.52618507376164
1.5192934392127
-1.15290722883434
0.108530703511809
2.10165894730421
2.74141834426261
1.61702002249775
-1.17920543908563
-0.795107330783714
1.548389159158
0.720931929492457
2.58073802839518
0.447871969460015
-4.16023845110574
1.21201438865993
-1.29061832339375
-3.10059470147225
-2.70850700162141
-1.56450224677999
-0.445507206628909
-0.690019886239434
-0.716619658965478
-1.84787022131433
1.49702874887155
-1.28004290698252
-2.10926778113894
-0.222056037705053
-0.415246986864456
1.01711215855562
0.728912006960848
2.76462855602526
-0.294961412521821
-0.981522980284636
-2.53259592446361
1.47223056899879
-0.31244514128875
0.433318578261651
1.19579666944008
-0.128134277636731
0.387167841739169
-3.42361082075411
0.0580532935219891
1.31643125815516
0.525903338495593
1.57795878297392
-0.108431714387564
-2.08856418080126
-0.383087194987989
1.70374535476911
-0.988148981791451
-1.23924038036203
1.45022689908033
1.1869832103234
0.345870828842696
0.337669739938288
-1.51376861740073
-1.07710379994339
0.0254449752745132
3.18596968901731
0.13833996394209
0.685597920160134
-0.02040327325536
-1.83631392462176
0.736752780923308
-3.40209235263318
1.48953088892533
-0.00831720189657142
4.45965877614693
1.73299649811879
-2.83103522824667
0.265539011369382
-1.59026443352211
-0.142294180652712
-0.578793242558941
1.34379451660579
0.435168721903386
-2.29244736855908
-0.226169842768022
1.93588331307655
-0.327359602781349
0.0835043414265608
1.68065478584329
2.02303424344359
3.45910712472661
1.35974203162983
-0.448494973587063
-1.375789022061
-2.14350486637687
2.52219335362125
-0.584783085178928
-3.91910511972566
-0.41554112850872
2.3820538405748
2.52602184287091
0.538183312337138
-0.376715152409621
-0.550231827258682
1.46536626171084
0.668423237458601
0.73581605017777
-1.30167155848621
-1.15326957403375
0.764923236491558
1.73537813005145
-0.453878904674533
-3.2350403516045
-0.862117927523395
-1.86222282327614
0.267019680266841
-0.208703680624337
-1.12300653603248
-4.30914318610803
-2.62268472403168
-1.70701119924462
-1.02823241916705
1.97416999862888
1.4174072789787
2.40525230522327
0.182486856860283
1.83281951249306
-1.15096940794675
0.993979557236129
2.82169414202344
1.24561283889527
0.153581100952384
0.762095014789358
0.547746510503247
-0.788522392132388
0.0781416211079837
-0.607801351671585
-1.19513463390385
0.45007497493251
1.16065129752909
-3.20178362285347
-0.72932884403838
0.851500040544025
1.56832157141332
1.94275170783288
1.36553997468913
0.337966914735509
1.12960690093384
-1.00951420803073
2.6552255684721
1.80787129577406
1.7887921709201
3.08136884407832
0.233504970768835
-1.0868929128949
-1.20636658281593
-0.859720899635117
0.499040142235031
2.04940587959976
0.44215511407279
-1.20349529979535
2.28631783732242
-0.0278192501557089
-3.20839922477839
-1.1004130845587
0.30965099414368
-0.212195926727833
-0.293456341327295
0.167983979199077
0.755967068356858
1.06568459617589
0.228009604819389
2.270824456046
-1.79171871775443
